Chardonnay : 0.334223936323
Sauvignon_Blanc : 0.157145206355
Pinot_Noir : 0.0931831194806
Tempranillo : 0.0876844379467
Semillon : 0.0839214458157
Shiraz/Syrah : 0.0475926980607
Sangiovese : 0.0352389568944
Merlot : 0.024180243639
Rhone_Blends : 0.0238539884956
Zinfandel : 0.02322956403
Malbec : 0.0167225715194
Grenache : 0.0131554134607
Viognier : 0.0127498999281
Cabernet_Sauvignon_and_Blends : 0.0124841966437
Chenin_Blanc : 0.00810404705489
Mourvedre : 0.00713378923311
Nebbiolo : 0.00524781550821
Riesling : 0.00452273999284
Cabernet_Franc : 0.00404987773852
Pinot_Gris : 0.00262095234425
Gruner_Veltliner : 0.00155781003738
Petite_Sirah : 0.00118300004232
Gewurztraminer : 0.000214289455617
